# define years vector to loop through
years <- c(2013, 2014, 2015, 2016, 2017, 2018, 2019, 2020, 2021)

#Link gives all data
NOMIS_link <- "https://www.nomisweb.co.uk/api/v01/dataset/NM_161_1.data.csv?geography=2092957699,2092957703,2092957700,2013265926,2013265924,2013265927,2013265921,2013265922,2013265928,2013265929,2013265925,2013265923&cause_of_death=12440,12443,12446...12449&gender=0...2&age=0...20&measure=2&measures=20100"

output_folder <- "Output"

